000210
000353
000617
000891
000027
000498
000591
000479
001160
000035
000908
001275
000379
001105
000260
000649
000506
000703
000884
000369
000279
000481
000173
000559
000892
000934
001310
000497
001103
000116
001190
001099
000843
000762
001146
000218
001287
000602
001004
000061
000375
000845
001243
000044
000006
000291
001262
001231
000833
001268
001117
000195
000129
001307
000363
000266
000811
000031
000224
000457
000758
000271
000999
001042
000435
000718
000191
000973
000567
000555
001170
000139
000297
000288
000158
001091
001289
000118
000505
000659
000398
000678
001019
000477
000157
000771
000971
001137
000573
000886
000248
001115
000350
000620
000717
001134
000995
000982
000313
000461
000197
000273
000306
000455
000125
000226
000675
001039
001282
000456
000354
000060
000870
000482
000698
000102
000913
001139
000168
000098
000112
000877
000154
000501
001242
000100
000403
000200
000854
001247
001110
000970
000926