000170
000582
000862
000055
000987
000708
000637
001132
000801
000699
001278
000410
000365
000192
000255
000401
000196
000655
001097
000165
000075
001325
000484
000606
001238
000693
001274
000247
001056
000841
000521
000625
000303
001080
000643
000851
000026
000735
000906
001317
001157
000748
000450
001030
000066
000751
001169
000220
000206
001102
001240
000238
000193
000361
000336
000167
000229
000441
000673
001003
000873
000512
001261
000564
000598
001196
001047
001255
001037
000389
000975
001195
001125
000310
000554
000626
001142
001321
001309
000212
000871
000538
000956
000666
000705
000635
000937
000543
000743
000284
001006
000791
000958
000199
000996
001191
000396
000997
000262
000578
000894
000621
000478
000507
000579
000704
000964
000826
000547
000130
000917
000084
000143
000831
000343
000540
000488
001246
000293
000426
000614
000287
000764
001059
000631
000002
000012
001123
001176
000256
001249
001284
000709
000122
001291
000014
001018
000740
001112
001197
000151
000438
000489
001174
001128
000890
000472
000135
000737
000126
000449
001100
000759
000029
000111
000186
001106
000065
000155
000746
001316
000677
001184
000590
000323
000322
001013
001327
000219
001093
000485
000828
000603
001228
001113
001314
001119
001180
001319
000533
000432
000676
000979
000878
000159
000067
000729
000609
000953
000364
000990
000534
000823
000725
000931
000697
000925
001269
000670
000672
001312
000832
001118
000776
001283
000013
001049
000357
000114
000820
000594
000109
000560
000644
000537
000080
001045
000654
000848
000984
000270
000342
000095
000324
000558
000795
000452
000755
001063
000966
000152
000140
000042
001164
000861
000943
001035
000052
001158
000927
000744
000352
000057
001213
000148
001216
000627
000178
000723
000181
000068
001179
001267
001200
000107
001276
000936
000700
000951
001236
000855
000514
001220
000950
000805
000394
000531
001208
000228
001022
001015
001264
000941
000289
000117
000633
000298
001250
001129
000714
000889
001107
000446
001222
000683
000142
000038
000089
000470
000639
000283
000615
000301
000749
000822
000202
000902
000261
000767
000300
000459
001155
000786
000245
001104
001085
000671
000244
001026
000304
000799
000721
000859
000464
000864
000113
000803
001211
000099
000785
001194
000386
000556
000495
000597
000108
000132
000194
001229
000661
000391
000754
000992
000796
000800
000034
000922
001084
001212
001016
000347
000750
000674
000315
000810
000738
000669
000059
000008
000227
000064
001225
000447
000747
001166
000739
000053
000610
000213
000640
000888
000842
001034
001306
000490
000402
000404
000946
000921
000957
000249
000798
000968
000211
000058
000819
000036
001209
000988
000174
000882
001301
000480
001086
000280
000305
000645
000662
000713
001069
001141
001060
001098
000720
000296
000872
001214
000857
000818
000136
000650
000483
001154
000504
000998
000525
000372
001300
001253
000295
000263
001087
000415
000240
000522
000051
000491
000793
000544
001272
000836
001239
000981
001143
000020
001147
001159
000177
000090
000595
001121
000162
000406
001288
000022
001223
000242
000045
000427
000692
000088
000471
000236
000576
000366
000710
000656
000741
000239
001061
000439
000487
001252
000222
000790
000251
000086
000319
000728
001116
000938
000969
000235
000920
001012
001153
001234
000827
001279
001227
001090
000912
001092
000701
000425
000009
000292
000434
000078
000869
000334
001014
000179
001138
000939
000169
000742
001297
000171
000409
000137
000349
000033
000601
000565
000241
000252
000317
000613
000515
000431
000153
000062
000532
000813
000422
000144
000935
000156
000874
000423
001173
000092
000915
001280
000468
001251
000778
001177
000175
000604
001290
001001
000849
000611
000663
001245
000784
000641
001095
000233
000545
001140
000575
000223
000955
000706
001057
000462
000374
000667
000976
001281
000069
001088
000774
000945
001277
000246
000520
000909
001286
000529
000294
000131
000685
001260
000850
001192
000138
001165
000344
000788
000259
000433
000056
000407
001324
001156
000632
000188
001041
000430
000860
000411
001259
000145
000443
001230
000513
000897
000328
000049
001248
000612
000414
000463
000593
000358
001163
000019
001204
001122
001151
000695
000907
000500
000392
000562
000530
000307
000399
000382
000412
000348
001168
000716
000528
001062
000722
001005
000817
001210
000519
000128
000417
000046
001219
001237
000465
000536
000161
000526
000942
000687
000852
001305
000580
000825
000914
000311
000355
000453
001011
000551
000658
001024
000041
000309
000802
001065
000847
000420
000903
000896
001010
000588
000568
000638
000047
001162
000390
000326
000073
000429
000781
000752
000630
001187
000208
000201
000499
000623
000619
000451
000777
000176
000552
000789
000187
000331
000265
000083
000476
001254
000325
000081
000731
000665
000726
000772
000952
000454
000745
000146
000120
001020
001076
001294
000190
000290
000469
000150
001221
000550
000419
000923
000839
000127
000707
000581
000096
001181
000766
000189
001040
000486
000905
001311
000816
001033
001017
001175
000993
001298
000416
000254
000234
000277
000381
000276
000091
001178
001070
000493
000356
001256
000660
001126
000792
000460
000110
001218
000686
000780
000652
000679
001144
000624
000702
000183
000865
000765
000815
001050
000397
000689
001235
000063
000105
000494
001058
000302
000605
000166
000048
001089
001257
000566
000768
001028
000321
000583
000974
000101
000967
001044
000253
000918
000830
000017
000442
000097
000040
000475
000636
000147
000608
000607
001096
000924
001303
000371
001292
000824
001052
000756
000010
000712
001068
001027
000599
000856
000736
000586
000596
000761
000217
001258
000779
000719
000961
000320
000030
000160
000647
000960
000727
000037
001304
000622
000011
001161
000408
000123
000983
001313
000085
000032
001021
001183
000209
000345
001000
001136
000994
000492
001051
000881
000893
000782
001244
001203
000829
000339
001270
000694
000681
001207
000370
000380
001078
000711
001308
000876
000587
000535
000812
001148
000879
000393
000734
000087
000440
000518
001032
001002
000329
001079
001023
001271
000688
000421
000753
000444
000467
000571
000733
000775
000232
000806
000616
000215
000015
000986
001054
000592
000458
001075
000963
000119
000527
001315
000570
000517
001232
000023
000474
000715
001055
000808
000216
000340
000910
000563
001131
000308
000989
000959
001323
000837
001188
000846
001025
000437
001233
000400
000316
000853
000757
000362
000214
000875
000004
000821
000367
000940
000646
001094
001217
000312
000690
001322
000359
000001
001127
001007
000121
001083